DATE,F01_FSS,F02_FSS,F03_FSS,F04_FSS,F05_FSS,F06_FSS,F07_FSS,F08_FSS,F09_FSS,F10_FSS,F11_FSS,F12_FSS,F13_FSS,F14_FSS,F15_FSS,F16_FSS,F17_FSS,F18_FSS
2018-05-01 12:00:00,0.0,0.5704,0.2665,0.1129,0.0088,0.0,0.0,0.0,0.0,0.0,0.0,0.0,0.0,0.0,0.0,0.0,0.0,0.0
2018-05-02 12:00:00,0.0,0.0,0.0,0.0,0.0,0.0,0.0,0.0,0.0,1.0,1.0,0.0,0.0,0.0,0.0,0.0,0.0,0.0
2018-05-03 12:00:00,0.4225,0.6189,0.2695,0.346,0.3674,0.657,0.8486,0.7061,0.8109,0.5766,0.4492,0.6948,0.7294,0.3574,0.9167,0.6512,0.6466,0.6862
2018-05-04 12:00:00,0.4928,0.2964,0.0,0.0,0.0027,0.2653,0.1918,0.0332,0.0153,0.0,0.0283,0.0,0.0,0.0002,0.2677,0.3152,0.5087,0.0
2018-05-05 12:00:00,-0.0,0.0312,0.2196,0.1056,0.0354,0.2204,0.184,0.1975,0.2581,-0.0,0.0205,0.0372,-0.0,0.0,-0.0,0.0015,0.0,0.0378
2018-05-06 12:00:00,0.202,0.0831,0.2088,0.1648,0.5653,0.1647,0.0961,0.2784,0.206,0.3051,0.1706,0.0169,0.0,-0.0,0.0,0.0,0.0,0.3607
2018-05-07 12:00:00,0.7434,0.6627,0.6896,0.7251,0.6135,0.6321,0.1043,0.1158,0.2882,0.1689,0.7721,0.3888,0.7883,0.4948,0.2125,0.0044,0.5171,0.3209
2018-05-08 12:00:00,0.3612,0.278,0.0,0.0159,0.0136,0.313,0.2056,0.2022,0.1607,0.0085,0.0447,0.0086,0.0848,0.0023,0.2654,0.1036,0.2199,0.2003
2018-05-09 12:00:00,0.0,0.0,0.0,0.0,0.0,0.0,0.0,0.0,0.0,0.0,0.0,0.0,0.0,0.0,0.0,0.0,0.0,0.0
2018-05-10 12:00:00,0.3617,0.3677,0.4776,0.1015,0.4111,0.2866,0.1226,0.0,0.0,0.0,0.0,0.0,0.0201,0.0,0.0,0.0462,0.0001,0.0
2018-05-11 12:00:00,0.3943,0.6852,0.136,0.0,0.019,0.1957,0.878,0.0,0.7614,0.3142,0.0568,0.1117,0.0256,0.5371,0.4815,0.6656,0.0743,0.2437
2018-05-12 12:00:00,0.0079,0.0068,0.0005,0.0004,0.0429,0.0139,0.0089,0.0149,0.0206,0.0093,0.0,0.0675,0.144,0.0727,0.1263,0.092,0.0225,0.0295
2018-05-13 12:00:00,0.2054,0.3328,-0.0,-0.0,0.0,-0.0,0.0,-0.0,0.0,0.0047,0.0102,0.0,0.0,0.0649,0.0,-0.0,0.0,0.0
2018-05-14 12:00:00,0.1292,0.0552,0.1266,0.062,0.107,0.4051,0.2503,0.3865,0.7073,0.8334,0.332,0.6958,0.0923,0.1377,0.0263,0.0245,0.0196,0.0029
2018-05-15 12:00:00,0.0809,0.2288,0.2569,0.2894,0.207,0.0608,0.0157,0.0059,0.0124,0.2959,0.0001,-0.0,0.0,0.0,0.0,-0.0,-0.0,0.0
2018-05-16 12:00:00,0.3043,0.2013,0.1998,0.142,0.203,0.1798,0.1737,0.3398,0.2897,0.6382,0.4917,0.5323,0.381,0.3919,0.2626,0.6125,0.5365,0.4911
2018-05-17 12:00:00,0.9472,0.9039,0.7907,0.8814,0.8642,0.8177,0.833,0.8035,0.7383,0.7398,0.7412,0.8575,0.8586,0.8243,0.7771,0.8397,0.7662,0.7478
2018-05-18 12:00:00,0.0364,0.0431,0.0469,0.0973,0.0544,0.0648,0.1061,0.0691,0.0867,0.1242,0.1187,0.1933,0.1588,0.4289,0.3041,0.3436,0.1269,0.1637
2018-05-19 12:00:00,0.0737,0.0656,0.038,0.0552,0.0567,0.1172,0.0098,0.1032,0.1077,0.4779,0.2093,0.1096,0.3349,0.3306,0.0736,0.0233,0.0334,0.1358
2018-05-20 12:00:00,0.0336,0.0378,0.0257,0.0371,0.0342,0.0293,0.0351,0.0167,0.0276,0.0577,0.1699,0.1482,0.0673,0.0033,0.0977,0.0575,0.0285,0.056
2018-05-21 12:00:00,0.1682,0.0794,0.2653,0.3936,0.2108,0.4729,0.0483,0.2511,0.0023,0.0187,0.0,-0.0,0.0159,0.0,0.0012,0.0222,0.0,0.0
2018-05-22 12:00:00,0.5406,0.4066,0.295,0.2397,0.2657,0.2243,0.2582,0.188,0.289,0.2032,0.2184,0.0781,0.1375,0.1139,0.2474,0.1302,0.1657,0.1637
2018-05-23 12:00:00,0.4087,0.295,0.4093,0.2691,0.452,0.4086,0.3022,0.5335,0.397,0.4728,0.6625,0.184,0.3359,0.7258,0.3194,0.6783,0.7013,0.5543
2018-05-24 12:00:00,0.2064,0.1272,0.2296,0.2024,0.1026,0.3482,0.3542,0.0868,0.1525,0.1528,0.5184,0.4724,0.384,0.1144,0.1551,0.474,0.0961,0.0335
2018-05-25 12:00:00,0.8677,0.6777,0.6437,0.6002,0.6157,0.6516,0.6479,0.6391,0.6716,0.7025,0.7166,0.637,0.6518,0.4881,0.6644,0.3666,0.4902,0.5517
2018-05-26 12:00:00,0.1363,0.1112,0.0935,0.0967,0.1654,0.0935,0.29,0.4574,0.4809,0.3483,0.0961,0.1813,0.0777,0.0225,0.3219,0.1072,0.243,0.2751
2018-05-27 12:00:00,0.7857,0.656,0.7787,0.7173,0.7065,0.7051,0.7115,0.7337,0.7721,0.846,0.709,0.6471,0.7356,0.5357,0.8577,0.871,0.8211,0.7973
2018-05-28 12:00:00,0.6143,0.4355,0.5143,0.4066,0.5184,0.6299,0.6706,0.5079,0.6591,0.5935,0.674,0.7013,0.6475,0.804,0.9012,0.7716,0.7339,0.6859
2018-05-29 12:00:00,0.3125,0.2436,0.1555,0.2057,0.027,0.1187,0.1581,0.121,0.2318,0.3123,0.1759,0.0214,0.0184,0.0791,0.0472,0.3348,0.5917,0.6116
2018-05-31 12:00:00,0.7374,0.3557,0.2991,0.4548,0.4114,0.5006,0.5574,0.6341,0.4029,0.4384,0.7301,0.1862,0.4687,0.6968,0.8622,0.5483,0.6588,0.4521
